00001000111100001000000000000000
11101100000000000001110000000000
00001000000000000010011000000000
00001000000000000010011000000000
00001000000000000010011000000000
00001000000000000010011000000000
00001000111100001110000000000000
11101100000000001011111000000000
00001000000000000010011000000000
00001000000000000010011000000000
00001000000000000010011000000000
00001000000000000010011000000000
00001000111100001011000000000000
11101100000000000000001100000000
00001000000000000010011000000000
00001000000000000010011000000000
00001000000000000010011000000000
00001000000000000010011000000000
00001000111100001100100000000000
11101100000000001100000010000000
00001000000000000010011000000000
00001000000000000010011000000000
00001000000000000010011000000000
00001000000000000010011000000000
00001000111100001001100000000000
11101100000000000110001010000000
00001000000000000010011000000000
00001000000000000010011000000000
00001000000000000010011000000000
00001000000000000010011000000000
00001000111100001111100000000000
11101100000000001001000110000000
00001000000000000010011000000000
00001000000000000010011000000000
00001000000000000010011000000000
00001000000000000010011000000000
00001000111100001010010000000000
11101100000000000011001110000000
00001000000000000010011000000000
00001000000000000010011000000000
00001000000000000010011000000000
00001000000000000010011000000000
00001000111100001101010000000000
11101100000000001111000001000000
00001000000000000010011000000000
00001000000000000010011000000000
00001000000000000010011000000000
00001000000000000010011000000000
00001000111100001000110000000000
11101100000000000100101001000000
00001000000000000010011000000000
00001000000000000010011000000000
00001000000000000010011000000000
00001000000000000010011000000000
00001000111100001110110000000000
11101100000000001010100101000000
00001000110100000110011000000000
00001000111000000000111111110000
01110000111011010000000000000000
00101000110100000101000000000000
00001000111000000000111111110000
01110000111011010000000000000000
00101000110100000101000000000000
00001000111000000011000000001100
01110000111011010000000000000000
00101000110100000101000000000000
00001000111000000011000000001100
01110000111011010000000000000000
00101000110100000101000000000000
00001000111000000011000000001100
01110000111011010000000000000000
00101000110100000101000000000000
00001000111000000011000000001100
01110000111011010000000000000000
00101000110100000101000000000000
00001000111000000011000000001100
01110000111011010000000000000000
00101000110100000101000000000000
00001000111000000011000000001100
01110000111011010000000000000000
00101000110100000101000000000000
00001000111000000011000000001100
01110000111011010000000000000000
00101000110100000101000000000000
00001000111000000011000000001100
01110000111011010000000000000000
00101000110100000101000000000000
00001000111000000000000000000000
01110000111011010000000000000000
00101000110100000101000000000000
00001000111000000000000000000000
01110000111011010000000000000000
00101000110100000101000000000000
00001000111000000011000000001100
01110000111011010000000000000000
00101000110100000101000000000000
00001000111000000011000000001100
01110000111011010000000000000000
00101000110100000101000000000000
00001000111000000011000000001100
01110000111011010000000000000000
00101000110100000101000000000000
00001000111000000011000000001100
01110000111011010000000000000000
00101000110100000101000000000000
00001000111000000011000000001100
01110000111011010000000000000000
00101000110100000101000000000000
00001000111000000011000000001100
01110000111011010000000000000000
00101000110100000101000000000000
00001000111000000011000000001100
01110000111011010000000000000000
00101000110100000101000000000000
00001000111000000011000000001100
01110000111011010000000000000000
00101000110100000101000000000000
00001000111000000000111111110000
01110000111011010000000000000000
00101000110100000101000000000000
00001000111000000000111111110000
01110000111011010000000000000000
10101000111100001100000000000000
01110000111110010011000000000000
00000101111100000000000000000000
00001000110100001110011000000000
00001000111000000000000000001100
01110000111011010000000000000000
00101000110100000101000000000000
00001000111000000000000000001100
01110000111011010000000000000000
00101000110100000101000000000000
00001000111000000000000000001100
01110000111011010000000000000000
00101000110100000101000000000000
00001000111000000000000000001100
01110000111011010000000000000000
00101000110100000101000000000000
00001000111000000000000000001100
01110000111011010000000000000000
00101000110100000101000000000000
00001000111000000000000000001100
01110000111011010000000000000000
00101000110100000101000000000000
00001000111000000000000000001100
01110000111011010000000000000000
00101000110100000101000000000000
00001000111000000000000000001100
01110000111011010000000000000000
00101000110100000101000000000000
00001000111000000000000000001100
01110000111011010000000000000000
00101000110100000101000000000000
00001000111000000000000000001100
01110000111011010000000000000000
00101000110100000101000000000000
00001000111000000000000000000000
01110000111011010000000000000000
00101000110100000101000000000000
00001000111000000000000000000000
01110000111011010000000000000000
00101000110100000101000000000000
00001000111000000000000000001100
01110000111011010000000000000000
00101000110100000101000000000000
00001000111000000000000000001100
01110000111011010000000000000000
00101000110100000101000000000000
00001000111000000000000000001100
01110000111011010000000000000000
00101000110100000101000000000000
00001000111000000000000000001100
01110000111011010000000000000000
00101000110100000101000000000000
00001000111000000000000000001100
01110000111011010000000000000000
00101000110100000101000000000000
00001000111000000000000000001100
01110000111011010000000000000000
00101000110100000101000000000000
00001000111000000000000000001100
01110000111011010000000000000000
00101000110100000101000000000000
00001000111000000000000000001100
01110000111011010000000000000000
00101000110100000101000000000000
00001000111000000000000000001100
01110000111011010000000000000000
00101000110100000101000000000000
00001000111000000000000000001100
01110000111011010000000000000000
00000101111100000000000000000000
00001000110100000001011000000000
00001000111000000000111111110000
01110000111011010000000000000000
00101000110100000101000000000000
00001000111000000000111111110000
01110000111011010000000000000000
00101000110100000101000000000000
00001000111000000000000000001100
01110000111011010000000000000000
00101000110100000101000000000000
00001000111000000000000000001100
01110000111011010000000000000000
00101000110100000101000000000000
00001000111000000000000000001100
01110000111011010000000000000000
00101000110100000101000000000000
00001000111000000000000000001100
01110000111011010000000000000000
00101000110100000101000000000000
00001000111000000000000000001100
01110000111011010000000000000000
00101000110100000101000000000000
00001000111000000000000000001100
01110000111011010000000000000000
00101000110100000101000000000000
00001000111000000000000000001100
01110000111011010000000000000000
00101000110100000101000000000000
00001000111000000000000000001100
01110000111011010000000000000000
00101000110100000101000000000000
00001000111000000000111111110000
01110000111011010000000000000000
00101000110100000101000000000000
00001000111000000000111111110000
01110000111011010000000000000000
00101000110100000101000000000000
00001000111000000011000000000000
01110000111011010000000000000000
00101000110100000101000000000000
00001000111000000011000000000000
01110000111011010000000000000000
00101000110100000101000000000000
00001000111000000011000000000000
01110000111011010000000000000000
00101000110100000101000000000000
00001000111000000011000000000000
01110000111011010000000000000000
00101000110100000101000000000000
00001000111000000011000000000000
01110000111011010000000000000000
00101000110100000101000000000000
00001000111000000011000000000000
01110000111011010000000000000000
00101000110100000101000000000000
00001000111000000011000000000000
01110000111011010000000000000000
00101000110100000101000000000000
00001000111000000011000000000000
01110000111011010000000000000000
00101000110100000101000000000000
00001000111000000000111111110000
01110000111011010000000000000000
00101000110100000101000000000000
00001000111000000000111111110000
01110000111011010000000000000000
00000101111100000000000000000000
00001000110100001001011000000000
00001000111000000000111111110000
01110000111011010000000000000000
00101000110100000101000000000000
00001000111000000000111111110000
01110000111011010000000000000000
00101000110100000101000000000000
00001000111000000000000000001100
01110000111011010000000000000000
00101000110100000101000000000000
00001000111000000000000000001100
01110000111011010000000000000000
00101000110100000101000000000000
00001000111000000000000000001100
01110000111011010000000000000000
00101000110100000101000000000000
00001000111000000000000000001100
01110000111011010000000000000000
00101000110100000101000000000000
00001000111000000000000000001100
01110000111011010000000000000000
00101000110100000101000000000000
00001000111000000000000000001100
01110000111011010000000000000000
00101000110100000101000000000000
00001000111000000000000000001100
01110000111011010000000000000000
00101000110100000101000000000000
00001000111000000000000000001100
01110000111011010000000000000000
00101000110100000101000000000000
00001000111000000000111111110000
01110000111011010000000000000000
00101000110100000101000000000000
00001000111000000000111111110000
01110000111011010000000000000000
00101000110100000101000000000000
00001000111000000000000000001100
01110000111011010000000000000000
00101000110100000101000000000000
00001000111000000000000000001100
01110000111011010000000000000000
00101000110100000101000000000000
00001000111000000000000000001100
01110000111011010000000000000000
00101000110100000101000000000000
00001000111000000000000000001100
01110000111011010000000000000000
00101000110100000101000000000000
00001000111000000000000000001100
01110000111011010000000000000000
00101000110100000101000000000000
00001000111000000000000000001100
01110000111011010000000000000000
00101000110100000101000000000000
00001000111000000000000000001100
01110000111011010000000000000000
00101000110100000101000000000000
00001000111000000000000000001100
01110000111011010000000000000000
00101000110100000101000000000000
00001000111000000000111111110000
01110000111011010000000000000000
00101000110100000101000000000000
00001000111000000000111111110000
01110000111011010000000000000000
00000101111100000000000000000000
00001000110100000101011000000000
00001000111000000011000000001100
01110000111011010000000000000000
00101000110100000101000000000000
00001000111000000011000000001100
01110000111011010000000000000000
00101000110100000101000000000000
00001000111000000011000000001100
01110000111011010000000000000000
00101000110100000101000000000000
00001000111000000011000000001100
01110000111011010000000000000000
00101000110100000101000000000000
00001000111000000011000000001100
01110000111011010000000000000000
00101000110100000101000000000000
00001000111000000011000000001100
01110000111011010000000000000000
00101000110100000101000000000000
00001000111000000011000000001100
01110000111011010000000000000000
00101000110100000101000000000000
00001000111000000011000000001100
01110000111011010000000000000000
00101000110100000101000000000000
00001000111000000011000000001100
01110000111011010000000000000000
00101000110100000101000000000000
00001000111000000011000000001100
01110000111011010000000000000000
00101000110100000101000000000000
00001000111000000000111111110000
01110000111011010000000000000000
00101000110100000101000000000000
00001000111000000000111111110000
01110000111011010000000000000000
00101000110100000101000000000000
00001000111000000000000000001100
01110000111011010000000000000000
00101000110100000101000000000000
00001000111000000000000000001100
01110000111011010000000000000000
00101000110100000101000000000000
00001000111000000000000000001100
01110000111011010000000000000000
00101000110100000101000000000000
00001000111000000000000000001100
01110000111011010000000000000000
00101000110100000101000000000000
00001000111000000000000000001100
01110000111011010000000000000000
00101000110100000101000000000000
00001000111000000000000000001100
01110000111011010000000000000000
00101000110100000101000000000000
00001000111000000000000000001100
01110000111011010000000000000000
00101000110100000101000000000000
00001000111000000000000000001100
01110000111011010000000000000000
00101000110100000101000000000000
00001000111000000000000000001100
01110000111011010000000000000000
00101000110100000101000000000000
00001000111000000000000000001100
01110000111011010000000000000000
00000101111100000000000000000000
00001000110100000100100110000000
00001000111000000000111111110000
01110000111011010000000000000000
00101000110100000101000000000000
00001000111000000000111111110000
01110000111011010000000000000000
00101000110100000101000000000000
00001000111000000011000000000000
01110000111011010000000000000000
00101000110100000101000000000000
00001000111000000011000000000000
01110000111011010000000000000000
00101000110100000101000000000000
00001000111000000011000000000000
01110000111011010000000000000000
00101000110100000101000000000000
00001000111000000011000000000000
01110000111011010000000000000000
00101000110100000101000000000000
00001000111000000011000000000000
01110000111011010000000000000000
00101000110100000101000000000000
00001000111000000011000000000000
01110000111011010000000000000000
00101000110100000101000000000000
00001000111000000011000000000000
01110000111011010000000000000000
00101000110100000101000000000000
00001000111000000011000000000000
01110000111011010000000000000000
00101000110100000101000000000000
00001000111000000000111111110000
01110000111011010000000000000000
00101000110100000101000000000000
00001000111000000000111111110000
01110000111011010000000000000000
00101000110100000101000000000000
00001000111000000000000000001100
01110000111011010000000000000000
00101000110100000101000000000000
00001000111000000000000000001100
01110000111011010000000000000000
00101000110100000101000000000000
00001000111000000000000000001100
01110000111011010000000000000000
00101000110100000101000000000000
00001000111000000000000000001100
01110000111011010000000000000000
00101000110100000101000000000000
00001000111000000000000000001100
01110000111011010000000000000000
00101000110100000101000000000000
00001000111000000000000000001100
01110000111011010000000000000000
00101000110100000101000000000000
00001000111000000000000000001100
01110000111011010000000000000000
00101000110100000101000000000000
00001000111000000000000000001100
01110000111011010000000000000000
00101000110100000101000000000000
00001000111000000000111111110000
01110000111011010000000000000000
00101000110100000101000000000000
00001000111000000000111111110000
01110000111011010000000000000000
00000101111100000000000000000000
00001000110100001100100110000000
00001000111000000000111111110000
01110000111011010000000000000000
00101000110100000101000000000000
00001000111000000000111111110000
01110000111011010000000000000000
00101000110100000101000000000000
00001000111000000011000000000000
01110000111011010000000000000000
00101000110100000101000000000000
00001000111000000011000000000000
01110000111011010000000000000000
00101000110100000101000000000000
00001000111000000011000000000000
01110000111011010000000000000000
00101000110100000101000000000000
00001000111000000011000000000000
01110000111011010000000000000000
00101000110100000101000000000000
00001000111000000011000000000000
01110000111011010000000000000000
00101000110100000101000000000000
00001000111000000011000000000000
01110000111011010000000000000000
00101000110100000101000000000000
00001000111000000011000000000000
01110000111011010000000000000000
00101000110100000101000000000000
00001000111000000011000000000000
01110000111011010000000000000000
00101000110100000101000000000000
00001000111000000000111111110000
01110000111011010000000000000000
00101000110100000101000000000000
00001000111000000000111111110000
01110000111011010000000000000000
00101000110100000101000000000000
00001000111000000011000000001100
01110000111011010000000000000000
00101000110100000101000000000000
00001000111000000011000000001100
01110000111011010000000000000000
00101000110100000101000000000000
00001000111000000011000000001100
01110000111011010000000000000000
00101000110100000101000000000000
00001000111000000011000000001100
01110000111011010000000000000000
00101000110100000101000000000000
00001000111000000011000000001100
01110000111011010000000000000000
00101000110100000101000000000000
00001000111000000011000000001100
01110000111011010000000000000000
00101000110100000101000000000000
00001000111000000011000000001100
01110000111011010000000000000000
00101000110100000101000000000000
00001000111000000011000000001100
01110000111011010000000000000000
00101000110100000101000000000000
00001000111000000000111111110000
01110000111011010000000000000000
00101000110100000101000000000000
00001000111000000000111111110000
01110000111011010000000000000000
00000101111100000000000000000000
00001000110100000010100110000000
00001000111000000000111111110000
01110000111011010000000000000000
00101000110100000101000000000000
00001000111000000000111111110000
01110000111011010000000000000000
00101000110100000101000000000000
00001000111000000000000000001100
01110000111011010000000000000000
00101000110100000101000000000000
00001000111000000000000000001100
01110000111011010000000000000000
00101000110100000101000000000000
00001000111000000000000000001100
01110000111011010000000000000000
00101000110100000101000000000000
00001000111000000000000000001100
01110000111011010000000000000000
00101000110100000101000000000000
00001000111000000000000000001100
01110000111011010000000000000000
00101000110100000101000000000000
00001000111000000000000000001100
01110000111011010000000000000000
00101000110100000101000000000000
00001000111000000000000000001100
01110000111011010000000000000000
00101000110100000101000000000000
00001000111000000000000000001100
01110000111011010000000000000000
00101000110100000101000000000000
00001000111000000000000000000000
01110000111011010000000000000000
00101000110100000101000000000000
00001000111000000000000000000000
01110000111011010000000000000000
00101000110100000101000000000000
00001000111000000000000000001100
01110000111011010000000000000000
00101000110100000101000000000000
00001000111000000000000000001100
01110000111011010000000000000000
00101000110100000101000000000000
00001000111000000000000000001100
01110000111011010000000000000000
00101000110100000101000000000000
00001000111000000000000000001100
01110000111011010000000000000000
00101000110100000101000000000000
00001000111000000000000000001100
01110000111011010000000000000000
00101000110100000101000000000000
00001000111000000000000000001100
01110000111011010000000000000000
00101000110100000101000000000000
00001000111000000000000000001100
01110000111011010000000000000000
00101000110100000101000000000000
00001000111000000000000000001100
01110000111011010000000000000000
00101000110100000101000000000000
00001000111000000000000000000000
01110000111011010000000000000000
00101000110100000101000000000000
00001000111000000000000000000000
01110000111011010000000000000000
00000101111100000000000000000000
00001000110100001010100110000000
00001000111000000000111111110000
01110000111011010000000000000000
00101000110100000101000000000000
00001000111000000000111111110000
01110000111011010000000000000000
00101000110100000101000000000000
00001000111000000011000000001100
01110000111011010000000000000000
00101000110100000101000000000000
00001000111000000011000000001100
01110000111011010000000000000000
00101000110100000101000000000000
00001000111000000011000000001100
01110000111011010000000000000000
00101000110100000101000000000000
00001000111000000011000000001100
01110000111011010000000000000000
00101000110100000101000000000000
00001000111000000011000000001100
01110000111011010000000000000000
00101000110100000101000000000000
00001000111000000011000000001100
01110000111011010000000000000000
00101000110100000101000000000000
00001000111000000011000000001100
01110000111011010000000000000000
00101000110100000101000000000000
00001000111000000011000000001100
01110000111011010000000000000000
00101000110100000101000000000000
00001000111000000000111111110000
01110000111011010000000000000000
00101000110100000101000000000000
00001000111000000000111111110000
01110000111011010000000000000000
00101000110100000101000000000000
00001000111000000011000000001100
01110000111011010000000000000000
00101000110100000101000000000000
00001000111000000011000000001100
01110000111011010000000000000000
00101000110100000101000000000000
00001000111000000011000000001100
01110000111011010000000000000000
00101000110100000101000000000000
00001000111000000011000000001100
01110000111011010000000000000000
00101000110100000101000000000000
00001000111000000011000000001100
01110000111011010000000000000000
00101000110100000101000000000000
00001000111000000011000000001100
01110000111011010000000000000000
00101000110100000101000000000000
00001000111000000011000000001100
01110000111011010000000000000000
00101000110100000101000000000000
00001000111000000011000000001100
01110000111011010000000000000000
00101000110100000101000000000000
00001000111000000000111111110000
01110000111011010000000000000000
00101000110100000101000000000000
00001000111000000000111111110000
01110000111011010000000000000000
00000101111100000000000000000000
00001000110100000110100110000000
00001000111000000000111111110000
01110000111011010000000000000000
00101000110100000101000000000000
00001000111000000000111111110000
01110000111011010000000000000000
00101000110100000101000000000000
00001000111000000011000000001100
01110000111011010000000000000000
00101000110100000101000000000000
00001000111000000011000000001100
01110000111011010000000000000000
00101000110100000101000000000000
00001000111000000011000000001100
01110000111011010000000000000000
00101000110100000101000000000000
00001000111000000011000000001100
01110000111011010000000000000000
00101000110100000101000000000000
00001000111000000011000000001100
01110000111011010000000000000000
00101000110100000101000000000000
00001000111000000011000000001100
01110000111011010000000000000000
00101000110100000101000000000000
00001000111000000011000000001100
01110000111011010000000000000000
00101000110100000101000000000000
00001000111000000011000000001100
01110000111011010000000000000000
00101000110100000101000000000000
00001000111000000000111111110000
01110000111011010000000000000000
00101000110100000101000000000000
00001000111000000000111111110000
01110000111011010000000000000000
00101000110100000101000000000000
00001000111000000000000000001100
01110000111011010000000000000000
00101000110100000101000000000000
00001000111000000000000000001100
01110000111011010000000000000000
00101000110100000101000000000000
00001000111000000000000000001100
01110000111011010000000000000000
00101000110100000101000000000000
00001000111000000000000000001100
01110000111011010000000000000000
00101000110100000101000000000000
00001000111000000000000000001100
01110000111011010000000000000000
00101000110100000101000000000000
00001000111000000000000000001100
01110000111011010000000000000000
00101000110100000101000000000000
00001000111000000000000000001100
01110000111011010000000000000000
00101000110100000101000000000000
00001000111000000000000000001100
01110000111011010000000000000000
00101000110100000101000000000000
00001000111000000000111111110000
01110000111011010000000000000000
00101000110100000101000000000000
00001000111000000000111111110000
01110000111011010000000000000000
00101000110100000101000000000000
01001000110011010000000000000000
00000101111100000000000000000000
