00001000000000001000000000000000
00001000000100001000000000000000
00001000001000001000000000000000
01111000001110010010000000000000
01111000010010011010000000000000
01111000010110010110000000000000
01110000001110010101000000000000
01110000010010011101000000000000
01110000010110010011000000000000
00001000001100000000000000000000
00001000010000000000000000000000
00001000010100000000000000000000
00001000011000000000000000000000
00001000100100000000000000000000
01110000000010011001000000000000
01110000010010010001000000000000
01110000000110011110000000000000
00001000100100001000000000000000
01111000101010010011000000000000
11101100100110100001100000000000
00001000100100000000000000000000
01111000101010010000000000000000
11101100100110101000100000000000
01110000100110010000000000000000
00101000000000001000000000000000
01001000001100100000000000000000
01101000001000010000000000000000
01001000000100110000000000000000
01001000011001010000000000000000
01101000010101000000000000000000
01001000010001100000000000000000
11101110001000011000010000000000
11101100000000001011000000000000
00101000010000001000000000000000
00101000010100001000000000000000
11101100000000001011000000000000
